Lifetime
5.836
1.693
0.782
7.856
4.647
7.599
4.265
4.42
0.162
2.119
3.689
13.996
0.543
1.416
4.826
4.313
6.316
0.88
3.385
2.329
2.2
11.341
8.039
2.219
5.826
4.504
0.128
1.418
2.717
7.635
6.83
0.981
0.571
4.583
2.717
7.357
0.179
0.368
5.663
5.143
12.539
1.795
0.56
0.907
7.83
2.527
14.731
5.03
7.064
5.839
14.664
7.765
1.964
7.325
0.373
1.758
5.336
0.831
9.311
5.989
10.758
4.604
0.214
0.23
2.51
5.058
9.64
1.506
0.869
11.133
6.274
2.001
0.054
1.428
8.793
3.679
0.792
17.828
1.92
1.208
0.692
3.036
3.534
1.638
0.211
0.226
4.691
6.514
5.171
7.054
5.256
4.077
4.971
23.414
1.091
17.775
18.611
2.068
2.823
12.203